MAE: 2.051104817342662
MSE: 8.4684514097385
R2 Score: 0.8845218254835606
